ID,Adoption,Died,Euthanasia,Return_to_owner,Transfer
1,0.142,0.001,0.049,0.295380952381,0.512619047619
2,0.75475,0.0,0.008,0.093,0.14425
3,0.19925,0.0,0.003,0.084930952381,0.712819047619
4,0.318,0.006,0.013,0.103,0.56
5,0.624,0.0,0.014,0.2585,0.1035
6,0.37775,0.0,0.004,0.426516666667,0.191733333333
7,0.376033333333,0.003,0.114,0.178166666667,0.3288
8,0.939,0.0,0.001,0.004,0.056
9,0.730042857143,0.0,0.01,0.114,0.145957142857
10,0.806,0.0,0.061,0.08,0.053
11,0.7265,0.0,0.01,0.149333333333,0.114166666667
12,0.0485595238095,0.001,0.079,0.294906349206,0.576534126984
13,0.741166666667,0.001,0.005,0.0900833333333,0.16275
14,0.7766,0.004,0.008,0.0171666666667,0.194233333333
15,0.878,0.0,0.022,0.067,0.033
16,0.769,0.0,0.004,0.088,0.139
17,0.211,0.001,0.052,0.589,0.147
18,0.325083333333,0.003,0.01,0.561,0.100916666667
19,0.353016666667,0.0,0.029,0.18015,0.437833333333
20,0.0095,0.009,0.295416666667,0.014,0.672083333333
21,0.479166666667,0.003,0.014,0.176333333333,0.3275
22,0.0,0.0,0.001,0.0,0.999
23,0.59,0.0,0.03,0.332,0.048
24,0.032,0.0005,0.0166261904762,0.0,0.950873809524
25,0.775966666667,0.0,0.002,0.07,0.152033333333
26,0.0925,0.015,0.1925,0.0784,0.6216
27,0.576083333333,0.004,0.002,0.005,0.412916666667
28,0.075,0.0323333333333,0.094,0.028,0.770666666667
29,0.29475,0.0,0.038,0.38375,0.2835
30,0.042,0.001,0.005,0.516549603175,0.435450396825
31,0.275,0.006,0.161,0.131,0.427
32,0.81685,0.0,0.001,0.111,0.07115
33,0.3345,0.005,0.1255,0.037,0.498
34,0.651409090909,0.061,0.03,0.172416666667,0.0851742424242
35,0.164604761905,0.001,0.0076,0.0,0.826795238095
36,0.632666666667,0.0,0.015,0.188,0.164333333333
37,0.19425,0.00745,0.304,0.048,0.4463
38,0.851,0.0,0.001,0.0655,0.0825
39,0.2745,0.001,0.0125,0.623,0.089
40,0.423,0.001,0.067,0.126,0.383
41,0.1775,0.002,0.016,0.245,0.5595
42,0.014,0.0,0.002,0.0,0.984
43,0.49355,0.0,0.001,0.107366666667,0.398083333333
44,0.038,0.0697833333333,0.053,0.0,0.839216666667
45,0.2185,0.0,0.0952,0.017,0.6693
46,0.636,0.001,0.019,0.037,0.307
47,0.333166666667,0.038,0.083,0.261,0.284833333333
48,0.455566666667,0.0,0.028,0.264433333333,0.252
49,0.423,0.0,0.073,0.376166666667,0.127833333333
50,0.139,0.001,0.0415,0.252,0.5665
51,0.3535,0.077,0.054,0.013,0.5025
52,0.308,0.0,0.044,0.496,0.152
53,0.985,0.0,0.0,0.005,0.01
54,0.302525,0.004,0.0245666666667,0.007,0.661908333333
55,0.1445,0.007,0.148,0.035,0.6655
56,0.531333333333,0.00966666666667,0.056,0.1695,0.2335
57,0.462,0.001,0.025,0.314,0.198
58,0.008,0.0155977133977,0.0103171217671,0.003,0.963085164835
59,0.004,0.0,0.0345,0.008,0.9535
60,0.73475,0.0,0.031,0.117,0.11725
61,0.769,0.0,0.0414,0.018,0.1716
62,0.229233333333,0.0,0.265491666667,0.360025,0.14525
63,0.383995238095,0.0,0.0243333333333,0.272533333333,0.319138095238
64,0.002,0.0112107142857,0.67925,0.0,0.307539285714
65,0.0045,0.015,0.657833333333,0.0,0.322666666667
66,0.833,0.001,0.0,0.08,0.086
67,0.98925,0.0,0.0,0.0,0.01075
68,0.226,0.004,0.265,0.221,0.284
69,0.497,0.0,0.05,0.258,0.195
70,0.024,0.003,0.0508333333333,0.004,0.918166666667
71,0.049,0.003,0.024,0.006,0.918
72,0.818666666667,0.0,0.003,0.069,0.109333333333
73,0.005,0.0,0.0215,0.001,0.9725
74,0.205666666667,0.0,0.011,0.0675666666667,0.715766666667
75,0.066,0.019,0.144,0.059,0.712
76,0.415071428571,0.052,0.0449666666667,0.02,0.467961904762
77,0.892666666667,0.0,0.001,0.025,0.0813333333333
78,0.150166666667,0.0,0.1668,0.042,0.641033333333
79,0.565,0.0,0.013,0.34,0.082
80,0.788825,0.0173333333333,0.015,0.0445833333333,0.134258333333
81,0.011,0.0510666666667,0.057,0.0,0.880933333333
82,0.009,0.0,0.015,0.0,0.976
83,0.5197,0.0,0.04,0.285416666667,0.154883333333
84,0.027,0.00525,0.00575,0.0,0.962
85,0.40225,0.0,0.023,0.39175,0.183
86,0.13125,0.043,0.180523809524,0.0,0.645226190476
87,0.028,0.0,0.2445,0.245083333333,0.482416666667
88,0.323,0.0,0.0804166666667,0.34385,0.252733333333
89,0.006,0.014,0.190333333333,0.0,0.789666666667
90,0.70115,0.002,0.003,0.006,0.28785
91,0.017,0.003,0.4836,0.008,0.4884
92,0.018,0.00025,0.294466666667,0.0138333333333,0.67345
93,0.713316666667,0.006,0.039,0.027,0.214683333333
94,0.686,0.0,0.002,0.234,0.078
95,0.158833333333,0.003,0.08,0.0281666666667,0.73
96,0.5922,0.0,0.009,0.2638,0.135
97,0.497666666667,0.002,0.003,0.3575,0.139833333333
98,0.0,0.0,0.0,0.0,1.0
99,0.316266666667,0.029,0.0255,0.008,0.621233333333
100,0.360697619048,0.0,0.038,0.329802380952,0.2715
101,0.305266666667,0.0,0.006,0.00633333333333,0.6824
102,0.603561904762,0.0051,0.002,0.164338095238,0.225
103,0.653,0.001,0.018,0.1945,0.1335
104,0.486733333333,0.0,0.052,0.212,0.249266666667
105,0.3385,0.0,0.016,0.3285,0.317
106,0.7995,0.0,0.01815,0.11985,0.0625
107,0.25,0.0,0.024,0.29,0.436
108,0.15,0.0,0.099,0.468,0.283
109,0.90175,0.0,0.004,0.0145,0.07975
110,0.235,0.0,0.056,0.324,0.385
111,0.385133333333,0.0,0.004,0.440366666667,0.1705
112,0.445607142857,0.0,0.033,0.435392857143,0.086
113,0.248,0.001,0.012,0.701,0.038
114,0.251,0.0,0.069,0.586578571429,0.0934214285714
115,0.038,0.021,0.0579166666667,0.001,0.882083333333
116,0.654833333333,0.0,0.006,0.224166666667,0.115
117,0.79015,0.0,0.003,0.173,0.03385
118,0.047,0.0,0.09,0.529,0.334
119,0.143833333333,0.001,0.06,0.673166666667,0.122
120,0.258583333333,0.005,0.14,0.116133333333,0.480283333333
121,0.908746031746,0.0,0.0,0.005,0.086253968254
122,0.899,0.0,0.004,0.021,0.076
123,0.760392857143,0.002,0.016,0.0153333333333,0.206273809524
124,0.0,0.323174206349,0.00166666666667,0.0,0.675159126984
125,0.065,0.008,0.0285,0.019,0.8795
126,0.867,0.0,0.001,0.061,0.071
127,0.38475,0.002,0.153666666667,0.057,0.402583333333
128,0.946233333333,0.0,0.0,0.0018,0.0519666666667
129,0.693011111111,0.0,0.001,0.0299555555556,0.276033333333
130,0.914658730159,0.0,0.0,0.018,0.0673412698413
131,0.453633333333,0.0,0.112,0.300366666667,0.134
132,0.909958333333,0.0,0.003,0.0015,0.0855416666667
133,0.6695,0.0,0.025,0.016,0.2895
134,0.4285,0.002,0.0255,0.396833333333,0.147166666667
135,0.877666666667,0.0,0.006,0.0729833333333,0.04335
136,0.198,0.0,0.018,0.483,0.301
137,0.611,0.001,0.042,0.093,0.253
138,0.042,0.0045,0.0165,0.000666666666667,0.936333333333
139,0.476380952381,0.0,0.005,0.464285714286,0.0543333333333
140,0.707,0.0,0.002,0.212,0.079
141,0.37135,0.0,0.003,0.253046428571,0.372603571429
142,0.493666666667,0.015,0.013,0.003,0.475333333333
143,0.416,0.0,0.081,0.307,0.196
144,0.439,0.001,0.04525,0.40875,0.106
145,0.566416666667,0.0,0.1841,0.150066666667,0.0994166666667
146,0.285666666667,0.001,0.095,0.453333333333,0.165
147,0.520666666667,0.002,0.0296666666667,0.152333333333,0.295333333333
148,0.3,0.0,0.0349166666667,0.47075,0.194333333333
149,0.004,0.002,0.041,0.016,0.937
150,0.477383333333,0.002,0.0145,0.001,0.505116666667
151,0.214083333333,0.005,0.252351587302,0.02375,0.504815079365
152,0.053,0.002,0.124,0.008,0.813
153,0.660233333333,0.0,0.007,0.093,0.239766666667
154,0.08925,0.004,0.0571666666667,0.29225,0.557333333333
155,0.637154761905,0.008,0.008,0.022,0.324845238095
156,0.709,0.0,0.007,0.126,0.158
157,0.476483333333,0.0,0.007,0.247516666667,0.269
158,0.076,0.0375833333333,0.1965,0.00337619047619,0.68654047619
159,0.383,0.001,0.165333333333,0.234666666667,0.216
160,0.591333333333,0.001,0.001,0.277666666667,0.129
161,0.587,0.0,0.006,0.241,0.166
162,0.54065,0.0,0.046,0.22735,0.186
163,0.005,0.004,0.003,0.005,0.983
164,0.902666666667,0.001,0.001,0.032,0.0633333333333
165,0.212,0.0,0.0246,0.5944,0.169
166,0.835666666667,0.0065,0.0245,0.009,0.124333333333
167,0.5925,0.0,0.029,0.1785,0.2
168,0.605,0.0,0.003,0.312,0.08
169,0.5365,0.0,0.013,0.291166666667,0.159333333333
170,0.630333333333,0.0,0.008,0.104716666667,0.25695
171,0.0245,0.005,0.315,0.0285,0.627
172,0.474,0.0,0.001,0.434,0.091
173,0.340166666667,0.0,0.1135,0.3345,0.211833333333
174,0.317666666667,0.007,0.138,0.337833333333,0.1995
175,0.4835,0.006,0.013,0.3378,0.1597
176,0.7589,0.013,0.0,0.002,0.2261
177,0.250666666667,0.0,0.084,0.479,0.186333333333
178,0.2345,0.0075,0.069,0.253033333333,0.435966666667
179,0.465,0.004,0.185,0.103,0.243
180,0.13,0.015,0.262,0.145,0.448
181,0.0,0.0,0.000333333333333,0.0,0.999666666667
182,0.254966666667,0.012,0.016,0.001,0.716033333333
183,0.1015,0.001,0.006,0.1575,0.734
184,0.151,0.0,0.046,0.1325,0.6705
185,0.29,0.0,0.008,0.514,0.188
186,0.622,0.0,0.007,0.2855,0.0855
187,0.023625,0.001,0.017,0.002,0.956375
188,0.511047619048,0.017,0.003,0.389666666667,0.0792857142857
189,0.7295,0.0,0.003,0.129,0.1385
190,0.732,0.0,0.008,0.08,0.18
191,0.269,0.001,0.009,0.526,0.195
192,0.418583333333,0.0,0.021,0.468416666667,0.092
193,0.189,0.001,0.026,0.257,0.527
194,0.584,0.003,0.017,0.0985,0.2975
195,0.80775,0.0,0.0,0.023,0.16925
196,0.699188888889,0.0,0.0,0.046,0.254811111111
197,0.5803,0.0,0.053,0.29175,0.07495
198,0.0729666666667,0.0,0.006,0.0308333333333,0.8902
199,0.300533333333,0.0,0.078,0.441466666667,0.18
200,0.701,0.0,0.001,0.223,0.075
201,0.006,0.005,0.0122857142857,0.001,0.975714285714
202,0.59165952381,0.001,0.0177666666667,0.198076190476,0.191497619048
203,0.68575,0.0,0.018,0.1995,0.09675
204,0.739,0.0,0.027,0.036,0.198
205,0.0722666666667,0.003,0.042,0.43225,0.450483333333
206,0.41625,0.00166666666667,0.0353333333333,0.053,0.49375
207,0.303,0.0,0.052,0.142,0.503
208,0.104,0.004,0.051,0.4515,0.3895
209,0.361516666667,0.0,0.028,0.383483333333,0.227
210,0.336666666667,0.0,0.061,0.335333333333,0.267
211,0.086,0.021,0.305852380952,0.015,0.572147619048
212,0.107,0.0,0.0,0.526,0.367
213,0.414833333333,0.0,0.048,0.438166666667,0.099
214,0.437,0.009,0.0311666666667,0.112833333333,0.41
215,0.0343666666667,0.007,0.11775,0.0,0.840883333333
216,0.336,0.0,0.021,0.164,0.479
217,0.723,0.00866666666667,0.03,0.019,0.219333333333
218,0.450166666667,0.002,0.0545,0.0727666666667,0.420566666667
219,0.525666666667,0.035,0.006,0.150166666667,0.283166666667
220,0.224333333333,0.0,0.023,0.638,0.114666666667
221,0.11,0.0,0.106,0.44,0.344
222,0.007,0.0031,0.0169166666667,0.0,0.972983333333
223,0.460833333333,0.011,0.013,0.004,0.511166666667
224,0.621,0.0,0.007,0.151,0.221
225,0.124,0.001,0.08,0.487,0.308
226,0.894,0.0,0.017,0.045,0.044
227,0.0242,0.0,0.1724,0.0,0.8034
228,0.025,0.0,0.003,0.004,0.968
229,0.42575,0.0,0.016,0.26725,0.291
230,0.007,0.047,0.057,0.0,0.889
231,0.990066666667,0.0,0.001,0.00233333333333,0.0066
232,0.7864,0.0,0.007,0.049,0.1576
233,0.112,0.01,0.243,0.00298525641026,0.63201474359
234,0.109,0.003,0.144,0.366,0.378
235,0.522,0.003,0.02,0.3,0.155
236,0.854583333333,0.00175,0.003,0.00414285714286,0.136523809524
237,0.319,0.0,0.02,0.5515,0.1095
238,0.119,0.005,0.121,0.146,0.609
239,0.72675,0.0,0.0,0.22325,0.05
240,0.805666666667,0.0,0.019,0.019,0.156333333333
241,0.707,0.003,0.057,0.026,0.207
242,0.47,0.0,0.019,0.2435,0.2675
243,0.691488888889,0.004,0.0295,0.02,0.255011111111
244,0.493083333333,0.001,0.018,0.1995,0.288416666667
245,0.482,0.004,0.047,0.19464047619,0.27235952381
246,0.581,0.0,0.016,0.278,0.125
247,0.311666666667,0.001,0.01,0.0975,0.579833333333
248,0.524666666667,0.001,0.002,0.176,0.296333333333
249,0.274371428571,0.0,0.0103333333333,0.591795238095,0.1235
250,0.877404256854,0.0,0.0106666666667,0.045,0.0669290764791
251,0.013,0.001,0.006,0.923,0.057
252,0.302166666667,0.0,0.064,0.412833333333,0.221
253,0.0325,0.0,0.218876190476,0.0,0.748623809524
254,0.184666666667,0.0,0.114833333333,0.632833333333,0.0676666666667
255,0.0867253968254,0.001,0.0845333333333,0.0,0.827741269841
256,0.586,0.001,0.001,0.168166666667,0.243833333333
257,0.485,0.0,0.094,0.107,0.314
258,0.826533333333,0.001,0.007,0.006,0.159466666667
259,0.111,0.0,0.113,0.478666666667,0.297333333333
260,0.762,0.003,0.01,0.0525,0.1725
261,0.658,0.0,0.006,0.184,0.152
262,0.832,0.0,0.017,0.102,0.049
263,0.584,0.0,0.021,0.219,0.176
264,0.404,0.005,0.019,0.2539,0.3181
265,0.3665,0.008,0.012,0.5,0.1135
266,0.354645238095,0.001,0.121,0.078,0.445354761905
267,0.125,0.026,0.132285714286,0.0379642857143,0.67875
268,0.0194166666667,0.007,0.085,0.026,0.862583333333
269,0.018,0.003,0.124,0.019,0.836
270,0.658333333333,0.001,0.017,0.113,0.210666666667
271,0.00383333333333,0.000333333333333,0.0144666666667,0.0,0.981366666667
272,0.31155,0.025,0.187,0.016,0.46045
273,0.129,0.027,0.063,0.529,0.252
274,0.4155,0.001,0.054,0.056,0.4735
275,0.1655,0.008,0.457,0.04,0.3295
276,0.011,0.017,0.264666666667,0.00733333333333,0.7
277,0.007,0.022,0.012,0.001,0.958
278,0.221,0.021,0.099,0.099,0.56
279,0.538166666667,0.0,0.008,0.0829047619048,0.370928571429
280,0.26015,0.028,0.024,0.089,0.59885
281,0.341233333333,0.0,0.0236,0.4595,0.175666666667
282,0.2275,0.0,0.032,0.614,0.1265
283,0.041,0.008,0.004,0.011,0.936
284,0.695776118326,0.0,0.001,0.0774322150072,0.225791666667
285,0.226,0.0,0.164733333333,0.420766666667,0.1885
286,0.515,0.0,0.021,0.344383333333,0.119616666667
287,0.03,0.0048,0.0228714285714,0.001,0.941328571429
288,0.069,0.005,0.0311666666667,0.0192,0.875633333333
289,0.43875,0.0,0.009,0.2335,0.31875
290,0.35375,0.001,0.042,0.54375,0.0595
291,0.636321428571,0.001,0.0371666666667,0.001,0.324511904762
292,0.896683333333,0.0,0.00166666666667,0.003,0.09865
293,0.862095238095,0.0,0.006,0.009,0.122904761905
294,0.18315,0.0085,0.11080952381,0.0900166666667,0.607523809524
295,0.083,0.0,0.653833333333,0.229166666667,0.034
296,0.108,0.002,0.054,0.043,0.793
297,0.385,0.0,0.027,0.24,0.348
298,0.116,0.004,0.175,0.0472,0.6578
299,0.759,0.0,0.003,0.170333333333,0.0676666666667
300,0.421023809524,0.0,0.0064,0.256576190476,0.316
301,0.716083333333,0.0,0.0095,0.169221428571,0.105195238095
302,0.670722222222,0.001,0.004,0.011,0.313277777778
303,0.742217821068,0.0,0.011,0.021,0.225782178932
304,0.553,0.007,0.019,0.246,0.175
305,0.061,0.004,0.199,0.113,0.623
306,0.219,0.0,0.153,0.525,0.103
307,0.699339285714,0.002,0.0,0.12495,0.173710714286
308,0.29725,0.0,0.019,0.292666666667,0.391083333333
309,0.995,0.0,0.0,0.003,0.002
310,0.595805555556,0.0493333333333,0.033,0.00553333333333,0.316327777778
311,0.47,0.0,0.0544166666667,0.14175,0.333833333333
312,0.922,0.0,0.017,0.009,0.052
313,0.021,0.0,0.0723333333333,0.001,0.905666666667
314,0.178,0.0,0.007,0.156,0.659
315,0.012,0.0,0.0025,0.001,0.9845
316,0.536,0.0,0.004,0.415,0.045
317,0.357,0.0,0.016,0.374,0.253
318,0.5285,0.005,0.063,0.0855,0.318
319,0.012,0.0,0.121666666667,0.007,0.859333333333
320,0.501,0.0,0.037,0.315,0.147
321,0.186761904762,0.0,0.025,0.111388095238,0.67685
322,0.0113333333333,0.0147835581086,0.00921384448884,0.0,0.964669264069
323,0.019,0.0,0.0306,0.0,0.9504
324,0.766732142857,0.005,0.022,0.0346666666667,0.171601190476
325,0.723666666667,0.001,0.002,0.003,0.270333333333
326,0.905166666667,0.0,0.0,0.002,0.0928333333333
327,0.693916666667,0.0,0.005,0.170333333333,0.13075
328,0.1812,0.0,0.098,0.495,0.2258
329,0.645316666667,0.0,0.00435,0.112333333333,0.238
330,0.1075,0.002,0.059,0.248333333333,0.583166666667
331,0.327,0.0,0.104,0.402,0.167
332,0.001,0.0,0.435892857143,0.0,0.563107142857
333,0.682361111111,0.0,0.0191833333333,0.0438579365079,0.254597619048
334,0.276,0.001,0.004,0.019,0.7
335,0.104,0.243,0.116,0.051,0.486
336,0.979416666667,0.0,0.0,0.001,0.0195833333333
337,0.0660166666667,0.016,0.3375,0.036,0.544483333333
338,0.335,0.01,0.029,0.19,0.436
339,0.131,0.027,0.0738333333333,0.076,0.692166666667
340,0.269711904762,0.005,0.121933333333,0.402278571429,0.201076190476
341,0.16,0.004,0.06,0.055,0.721
342,0.948333333333,0.0,0.0,0.001,0.0506666666667
343,0.089,0.011,0.303,0.095,0.502
344,0.518,0.0,0.013,0.362,0.107
345,0.7525,0.0,0.006,0.0733,0.1682
346,0.586333333333,0.002,0.0354333333333,0.245166666667,0.131066666667
347,0.128,0.0,0.006,0.813,0.053
348,0.208066666667,0.067,0.070375,0.01,0.644558333333
349,0.0905,0.001,0.047,0.799166666667,0.0623333333333
350,0.397,0.001,0.125,0.289,0.188
351,0.7875,0.0,0.014,0.08,0.1185
352,0.036,0.009,0.0168642857143,0.0,0.938135714286
353,0.295333333333,0.03,0.021,0.508,0.145666666667
354,0.871303968254,0.001,0.0005,0.0118333333333,0.115362698413
355,0.641416666667,0.0,0.014,0.126416666667,0.218166666667
356,0.002,0.003,0.327096176046,0.0,0.667903823954
357,0.615,0.007,0.035,0.044,0.299
358,0.476,0.0,0.00975,0.029,0.48525
359,0.445142460317,0.09,0.0153333333333,0.016,0.433524206349
360,0.637,0.0,0.018,0.087,0.258
361,0.663013095238,0.0,0.0,0.322986904762,0.014
362,0.137,0.008,0.069,0.26725,0.51875
363,0.22,0.001,0.131,0.4545,0.1935
364,0.664366666667,0.0,0.013,0.0914166666667,0.231216666667
365,0.5905,0.0,0.008,0.0788333333333,0.322666666667
366,0.043,0.0,0.619,0.013,0.325
367,0.672,0.005,0.048,0.025,0.25
368,0.137,0.0,0.379,0.093,0.391
369,0.046,0.026,0.246,0.0082,0.6738
370,0.728,0.0,0.013,0.034,0.225
371,0.184261904762,0.0,0.0145,0.126285714286,0.674952380952
372,0.535333333333,0.004,0.024,0.113,0.323666666667
373,0.999314285714,0.0,0.0,0.000685714285714,0.0
374,0.167,0.001,0.062,0.684,0.086
375,0.032,0.003,0.0143857142857,0.0,0.950614285714
376,0.443533333333,0.0,0.009,0.410166666667,0.1373
377,0.222,0.0,0.3215,0.132341666667,0.324158333333
378,0.748433333333,0.0,0.015,0.178533333333,0.0580333333333
379,0.576,0.0,0.004,0.15,0.27
380,0.52351031746,0.16,0.00473333333333,0.013,0.298756349206
381,0.528666666667,0.008,0.047,0.012,0.404333333333
382,0.079,0.023,0.025,0.004,0.869
383,0.053,0.0109428571429,0.0439166666667,0.002,0.89014047619
384,0.007,0.001,0.048,0.02,0.924
385,0.607333333333,0.002,0.003,0.225333333333,0.162333333333
386,0.120666666667,0.001,0.023,0.743516666667,0.111816666667
387,0.00133333333333,0.004,0.00403333333333,0.0,0.990633333333
388,0.857833333333,0.0,0.0,0.055,0.0871666666667
389,0.828678571429,0.0,0.00703333333333,0.01,0.154288095238
390,0.521119047619,0.0,0.466380952381,0.001,0.0115
391,0.065,0.006,0.164,0.515,0.25
392,0.0,0.0005,0.0,0.252380261405,0.747119738595
393,0.907907142857,0.0,0.0,0.003,0.0890928571429
394,0.017,0.016,0.05,0.012,0.905
395,0.406,0.001,0.017,0.371,0.205
396,0.201,0.0,0.205,0.459,0.135
397,0.128,0.0,0.341,0.336,0.195
398,0.593741666667,0.018,0.012,0.014,0.362258333333
399,0.362833333333,0.002,0.0113333333333,0.531,0.0928333333333
400,0.6055,0.02,0.001,0.166,0.2075
401,0.812333333333,0.00691666666667,0.017,0.00341666666667,0.160333333333
402,0.824,0.0,0.003,0.137,0.036
403,0.481428571429,0.0,0.007,0.305154761905,0.206416666667
404,0.0,0.000666666666667,0.0,0.0,0.999333333333
405,0.5951,0.012,0.015,0.002,0.3759
406,0.410695238095,0.0,0.06,0.416304761905,0.113
407,0.59970952381,0.003,0.013,0.037,0.34729047619
408,0.271,0.0,0.072,0.491,0.166
409,0.858666666667,0.001,0.001,0.0943333333333,0.045
410,0.046,0.006,0.0384,0.005,0.9046
411,0.185,0.012,0.069,0.374,0.36
412,0.511707683983,0.0,0.0,0.0,0.488292316017
413,0.533666666667,0.002,0.004,0.306666666667,0.153666666667
414,0.868652380952,0.0,0.002,0.0672666666667,0.062080952381
415,0.495166666667,0.0,0.231,0.1907,0.0831333333333
416,0.998,0.0,0.001,0.0,0.001
417,0.474,0.0,0.014,0.238,0.274
418,0.388166666667,0.0,0.008,0.243833333333,0.36
419,0.928471428571,0.002,0.0,0.009,0.0605285714286
420,0.744,0.0,0.006,0.059,0.191
421,0.6822,0.0,0.007,0.081,0.2298
422,0.04175,0.0,0.0145,0.0,0.94375
423,0.1,0.0723333333333,0.0110333333333,0.0,0.816633333333
424,0.691,0.002,0.005,0.0194,0.2826
425,0.767,0.003,0.018,0.031,0.181
426,0.109,0.065,0.1532,0.08,0.5928
427,0.767,0.003,0.057,0.014,0.159
428,0.0253333333333,0.024,0.202666666667,0.00366666666667,0.744333333333
429,0.034,0.002,0.002,0.189,0.773
430,0.003,0.0,0.00466666666667,0.0,0.992333333333
431,0.680033333333,0.0,0.002,0.025,0.292966666667
432,0.099,0.001,0.005,0.747,0.148
433,0.695,0.0,0.022,0.215,0.068
434,0.3365,0.0,0.074,0.3635,0.226
435,0.005,0.0,0.038,0.001,0.956
436,0.012,0.003,0.0290833333333,0.001,0.954916666667
437,0.844583333333,0.0,0.002,0.004,0.149416666667
438,0.66575,0.0,0.017,0.16725,0.15
439,0.0045,0.00576666666667,0.09125,0.1257,0.772783333333
440,0.796366666667,0.0,0.011,0.041,0.151633333333
441,0.0786666666667,0.003,0.135,0.163,0.620333333333
442,0.5502,0.0,0.004,0.18735,0.25845
443,0.846,0.002,0.003,0.0275,0.1215
444,0.187,0.0,0.055,0.615216666667,0.142783333333
445,0.429,0.0,0.012,0.387,0.172
446,0.641,0.0,0.032,0.1875,0.1395
447,0.642333333333,0.025,0.039,0.0725,0.221166666667
448,0.148,0.011,0.009,0.006,0.826
449,0.375397222222,0.081,0.069,0.024,0.450602777778
450,0.714,0.002,0.009,0.075,0.2
451,0.0179,0.0196166666667,0.003,0.0032553030303,0.956228030303
452,0.44275,0.007,0.066,0.159,0.32525
453,0.508535714286,0.0,0.005,0.345464285714,0.141
454,0.029,0.002,0.185,0.021,0.763
455,0.494916666667,0.0,0.013,0.184433333333,0.30765
456,0.496,0.0,0.0247142857143,0.347,0.132285714286
457,0.741125,0.001,0.033,0.023,0.201875
458,0.114,0.001,0.275,0.258,0.352
459,0.81258968254,0.0,0.001,0.0,0.18641031746
460,0.014,0.68,0.000642857142857,0.0,0.305357142857
461,0.606,0.0,0.002,0.121,0.271
462,0.32225,0.001,0.007,0.466,0.20375
463,0.024,0.109,0.259,0.000333333333333,0.607666666667
464,0.079,0.012,0.17,0.354,0.385
465,0.595,0.0,0.046,0.278,0.081
466,0.661733333333,0.0,0.015,0.218,0.105266666667
467,0.067,0.01,0.306,0.136,0.481
468,0.399,0.0,0.03,0.183,0.388
469,0.300714285714,0.004,0.003,0.0105357142857,0.68175
470,0.477,0.002,0.039,0.05,0.432
471,0.033,0.002,0.087,0.0,0.878
472,0.048,0.0236,0.339,0.14,0.4494
473,0.92,0.0,0.001,0.009,0.07
474,0.468,0.0,0.028,0.266,0.238
475,0.358783333333,0.0,0.001,0.156216666667,0.484
476,0.661333333333,0.0,0.008,0.0903333333333,0.240333333333
477,0.005,0.0,0.132066666667,0.001,0.861933333333
478,0.415,0.0,0.027,0.3815,0.1765
479,0.0736,0.00516666666667,0.105214285714,0.00133333333333,0.814685714286
480,0.675833333333,0.003,0.004,0.016,0.301166666667
481,0.074,0.0,0.051,0.534983333333,0.340016666667
482,0.132,0.001,0.228,0.335,0.304
483,0.298,0.0,0.028,0.494083333333,0.179916666667
484,0.18,0.02,0.057,0.023,0.72
485,0.5585,0.026,0.055,0.109,0.2515
486,0.044,0.0,0.36,0.38,0.216
487,0.7035,0.0,0.004,0.129,0.1635
488,0.619383333333,0.003,0.003,0.262,0.112616666667
489,0.344333333333,0.0698333333333,0.0281666666667,0.005,0.552666666667
490,0.002,0.314251587302,0.001,0.0,0.682748412698
491,0.041,0.004,0.0728,0.008,0.8742
492,0.083,0.002,0.071,0.319,0.525
493,0.223,0.0,0.002,0.565483333333,0.209516666667
494,0.636583333333,0.0,0.005,0.230333333333,0.128083333333
495,0.182466666667,0.015,0.011,0.23825,0.553283333333
496,0.622,0.001,0.05,0.0799,0.2471
497,0.114402380952,0.0,0.007,0.105214285714,0.773383333333
498,0.56,0.0,0.0,0.37,0.07
499,0.911933333333,0.0,0.00166666666667,0.0199166666667,0.0664833333333
500,0.175,0.0,0.2985,0.278,0.2485
501,0.694695238095,0.0,0.007,0.0123333333333,0.285971428571
502,0.221983333333,0.0,0.01,0.525,0.243016666667
503,0.0493333333333,0.004,0.044,0.0105,0.892166666667
504,0.787466666667,0.0025,0.014,0.025,0.171033333333
505,0.317,0.0,0.01,0.597,0.076
506,0.476,0.0,0.00266666666667,0.411333333333,0.11
507,0.127,0.0,0.077,0.176,0.62
508,0.71,0.0,0.058,0.168,0.064
509,0.259,0.0,0.087,0.491333333333,0.162666666667
510,0.7981,0.0,0.068,0.00216666666667,0.131733333333
511,0.871,0.002,0.012,0.02,0.095
512,0.12,0.003,0.066,0.673,0.138
513,0.7983,0.0,0.005,0.104333333333,0.0923666666667
514,0.018,0.005,0.048,0.0,0.929
515,0.134,0.0,0.015,0.565,0.286
516,0.39075,0.003,0.012,0.412,0.18225
517,0.032,0.0,0.045,0.044,0.879
518,0.496333333333,0.0,0.0315,0.049,0.423166666667
519,0.006,0.0,0.0161,0.0,0.9779
520,0.0290833333333,0.023,0.123633333333,0.00825,0.816033333333
521,0.39675,0.001,0.14,0.285083333333,0.177166666667
522,0.44325,0.0,0.001,0.108154761905,0.447595238095
523,0.992278571429,0.0,0.0,0.0,0.00772142857143
524,0.441466666667,0.002,0.034,0.170166666667,0.352366666667
525,0.836066666667,0.001,0.001,0.01,0.151933333333
526,0.146,0.0,0.03,0.702,0.122
527,0.518521428571,0.0,0.015,0.207369047619,0.25910952381
528,0.187,0.0,0.027,0.729,0.057
529,0.0459,0.015,0.0573333333333,0.001,0.880766666667
530,0.833,0.069,0.009,0.022,0.067
531,0.035,0.00113333333333,0.05075,0.001,0.912116666667
532,0.413,0.001,0.01,0.5255,0.0505
533,0.7754,0.0,0.004,0.006,0.2146
534,0.79,0.002,0.019,0.026,0.163
535,0.0929166666667,0.0553333333333,0.0107777777778,0.002,0.838972222222
536,0.69,0.0,0.0416666666667,0.046,0.222333333333
537,0.622,0.0,0.009,0.194,0.175
538,0.2865,0.001,0.007,0.0303333333333,0.675166666667
539,0.258083333333,0.002,0.0163333333333,0.506583333333,0.217
540,0.125,0.0,0.352733333333,0.192,0.330266666667
541,0.02,0.0,0.0158928571429,0.883,0.0811071428571
542,0.001,0.0,0.00181666666667,0.256541955267,0.740641378066
543,0.77004047619,0.005,0.002,0.0761666666667,0.146792857143
544,0.024,0.016,0.280333333333,0.008,0.671666666667
545,0.02915,0.001,0.0825476190476,0.0,0.887302380952
546,0.569,0.0,0.021,0.173,0.237
547,0.021,0.007,0.045,0.0,0.927
548,0.8915,0.0,0.003,0.0635,0.042
549,0.141,0.008,0.342333333333,0.059,0.449666666667
550,0.014,0.0,0.002,0.0,0.984
551,0.297416666667,0.002,0.035,0.484166666667,0.181416666667
552,0.571666666667,0.0,0.127976190476,0.2195,0.0808571428571
553,0.498,0.003,0.003,0.245,0.251
554,0.913641666667,0.006,0.0,0.003,0.0773583333333
555,0.097,0.002,0.046,0.006,0.849
556,0.1285,0.001,0.180266666667,0.03,0.660233333333
557,0.0615,0.021,0.05,0.41,0.4575
558,0.6065,0.001,0.004,0.151,0.2375
559,0.831688095238,0.016,0.002,0.032,0.118311904762
560,0.297833333333,0.002,0.151,0.471166666667,0.078
561,0.4445,0.0,0.005,0.342,0.2085
562,0.0885,0.04,0.049,0.698,0.1245
563,0.077,0.0,0.09,0.363333333333,0.469666666667
564,0.6496,0.0,0.017,0.16915,0.16425
565,0.015,0.0,0.0845,0.003,0.8975
566,0.488,0.002,0.014,0.313,0.183
567,0.104,0.023,0.083,0.031,0.759
568,0.6054,0.0,0.006,0.12,0.2686
569,0.346066666667,0.0,0.034,0.308933333333,0.311
570,0.676333333333,0.0,0.0,0.104333333333,0.219333333333
571,0.678166666667,0.0,0.008,0.1685,0.145333333333
572,0.335,0.0,0.061,0.431,0.173
573,0.119,0.002,0.212,0.247583333333,0.419416666667
574,0.0074,0.00133333333333,0.305360714286,0.0,0.685905952381
575,0.703166666667,0.043,0.009,0.0166666666667,0.228166666667
576,0.885630952381,0.0,0.001,0.002,0.111369047619
577,0.407,0.0,0.0483333333333,0.405666666667,0.139
578,0.237478571429,0.001,0.0,0.001,0.760521428571
579,0.037,0.00383333333333,0.106,0.004,0.849166666667
580,0.71875,0.002,0.005,0.16425,0.11
581,0.567,0.0,0.004,0.349,0.08
582,0.008,0.006,0.0422857142857,0.001,0.942714285714
583,0.253,0.002,0.013,0.328,0.404
584,0.508833333333,0.0,0.005,0.0931833333333,0.392983333333
585,0.357516666667,0.0,0.003,0.119,0.520483333333
586,0.209883333333,0.0248333333333,0.213872222222,0.001,0.550411111111
587,0.618291666667,0.054,0.009,0.004,0.314708333333
588,0.113,0.017,0.179,0.191,0.5
589,0.436135714286,0.0,0.0148333333333,0.0826666666667,0.466364285714
590,0.5548,0.001,0.11,0.102166666667,0.232033333333
591,0.4584,0.0,0.0628333333333,0.215,0.263766666667
592,0.253166666667,0.005,0.027,0.571833333333,0.143
593,0.0405,0.002,0.0283333333333,0.0,0.929166666667
594,0.2585,0.001,0.083,0.542666666667,0.114833333333
595,0.66695,0.001,0.001,0.02025,0.3108
596,0.156666666667,0.0,0.002,0.0903333333333,0.751
597,0.909,0.001,0.023,0.027,0.04
598,0.272,0.0,0.035,0.428,0.265
599,0.7885,0.002,0.011,0.06,0.1385
600,0.38941991342,0.112,0.0234333333333,0.005,0.470146753247
601,0.0085,0.0175,0.0433333333333,0.031,0.899666666667
602,0.7507,0.0,0.009,0.0845833333333,0.155716666667
603,0.386604761905,0.001,0.072,0.17,0.370395238095
604,0.082,0.0,0.113,0.456,0.349
605,0.03125,0.007,0.045,0.0,0.91675
606,0.009,0.00483333333333,0.0742666666667,0.0,0.9119
607,0.679666666667,0.0,0.0035,0.062,0.254833333333
608,0.142833333333,0.0,0.15825,0.0411785714286,0.657738095238
609,0.0359833333333,0.006,0.013,0.002,0.943016666667
610,0.073,0.002,0.092,0.276647619048,0.556352380952
611,0.705,0.004,0.006,0.142,0.143
612,0.37225,0.001,0.01,0.201416666667,0.415333333333
613,0.817,0.001,0.029,0.03925,0.11375
614,0.419233333333,0.144,0.034,0.079,0.323766666667
615,0.921702380952,0.01,0.001,0.013,0.0542976190476
616,0.427,0.0,0.031,0.372,0.17
617,0.9075,0.0,0.032,0.0425,0.018
618,0.500733333333,0.0,0.047,0.21265,0.239616666667
619,0.834583333333,0.0,0.004,0.003,0.158416666667
620,0.985666666667,0.0,0.00166666666667,0.0,0.0126666666667
621,0.12,0.003,0.111,0.019,0.747
622,0.585,0.0,0.009,0.138916666667,0.267083333333
623,0.181,0.002,0.219333333333,0.036,0.561666666667
624,0.121,0.0,0.032,0.173,0.674
625,0.480269047619,0.001,0.006,0.350780952381,0.16195
626,0.2155,0.0,0.0364166666667,0.062,0.686083333333
627,0.5155,0.0,0.039,0.146,0.2995
628,0.002,0.00681666666667,0.00258333333333,0.0,0.9886
629,0.373,0.0,0.036,0.317,0.274
630,0.002,0.0,0.00337857142857,0.0,0.994621428571
631,0.321,0.0,0.066,0.422,0.191
632,0.715,0.0,0.029,0.115,0.141
633,0.84,0.0,0.011,0.0193333333333,0.129666666667
634,0.694,0.002,0.045,0.061,0.198
635,0.001,0.009775,0.43104047619,0.0,0.55818452381
636,0.973,0.0,0.002,0.001,0.024
637,0.509730952381,0.0,0.0,0.002,0.488269047619
638,0.7312,0.0,0.017,0.16325,0.08855
639,0.123,0.0024,0.095889033189,0.0167561424686,0.761954824342
640,0.703383658009,0.0,0.0,0.0025,0.294116341991
641,0.129,0.01325,0.0970805555556,0.00075,0.759919444444
642,0.454061904762,0.0196666666667,0.027,0.001,0.498271428571
643,0.008,0.008,0.0052,0.001,0.9778
644,0.531428571429,0.0,0.005,0.167738095238,0.295833333333
645,0.833666666667,0.001,0.007,0.0143333333333,0.144
646,0.400416666667,0.0,0.056,0.492583333333,0.051
647,0.751,0.0,0.0218333333333,0.146166666667,0.081
648,0.0380666666667,0.0286666666667,0.00633333333333,0.0,0.926933333333
649,0.0944392857143,0.003,0.115333333333,0.1584,0.628827380952
650,0.005,0.0256166666667,0.0171428571429,0.0,0.95224047619
651,0.005,0.002,0.103083333333,0.0,0.889916666667
652,0.8014,0.0,0.002,0.0886,0.108
653,0.402,0.0,0.00933333333333,0.385166666667,0.2035
654,0.655,0.0,0.04,0.036,0.269
655,0.9911,0.0,0.0,0.001,0.0079
656,0.0473333333333,0.044,0.021,0.175,0.712666666667
657,0.157,0.01,0.031,0.04,0.762
658,0.548666666667,0.0,0.066,0.274333333333,0.111
659,0.286666666667,0.004,0.008,0.005,0.696333333333
660,0.621666666667,0.0,0.069,0.235416666667,0.0739166666667
661,0.062,0.002,0.1085,0.002,0.8255
662,0.615,0.006,0.013,0.057,0.309
663,0.0965833333333,0.0,0.0683333333333,0.126833333333,0.70825
664,0.208666666667,0.0,0.011,0.689,0.0913333333333
665,0.395533333333,0.0,0.0272,0.2743,0.302966666667
666,0.668583333333,0.0,0.003,0.089,0.239416666667
667,0.4874,0.007,0.095,0.3,0.1106
668,0.6605,0.001,0.024,0.1985,0.116
669,0.345363095238,0.0,0.2255,0.290802380952,0.13833452381
670,0.506,0.001,0.122,0.2125,0.1585
671,0.0181666666667,0.0101388888889,0.003,0.001,0.967694444444
672,0.51,0.0,0.002,0.239,0.249
673,0.02,0.0,0.0041,0.0,0.9759
674,0.504,0.0,0.005,0.348,0.143
675,0.300645238095,0.00843333333333,0.027,0.177,0.486921428571
676,0.009,0.03,0.0118,0.0,0.9492
677,0.0683333333333,0.0306666666667,0.14579047619,0.005,0.75020952381
678,0.585,0.002,0.0341428571429,0.078,0.300857142857
679,0.1515,0.001,0.406,0.057,0.3845
680,0.392,0.0,0.014,0.096,0.498
681,0.188666666667,0.002,0.023,0.138,0.648333333333
682,0.4345,0.0,0.0226666666667,0.438333333333,0.1045
683,0.79375,0.003,0.009,0.02,0.17425
684,0.53,0.0,0.001,0.206,0.263
685,0.266,0.0,0.015,0.562,0.157
686,0.8614,0.0,0.039,0.06,0.0396
687,0.013,0.0147333333333,0.056,0.00528333333333,0.910983333333
688,0.773608333333,0.0,0.004,0.077,0.145391666667
689,0.7345,0.007,0.009,0.098,0.1515
690,0.734416666667,0.001,0.027,0.016,0.221583333333
691,0.67175,0.001,0.004,0.201316666667,0.121933333333
692,0.692933333333,0.0017,0.008,0.0129166666667,0.28445
693,0.269,0.0,0.0852571428571,0.496742857143,0.149
694,0.399666666667,0.003,0.024,0.492333333333,0.081
695,0.552583333333,0.001,0.086,0.258,0.102416666667
696,0.029,0.021,0.0012,0.0,0.9488
697,0.258083333333,0.0,0.14,0.406916666667,0.195
698,0.049,0.004,0.1245,0.0,0.8225
699,0.183,0.001,0.0166666666667,0.3804,0.418933333333
700,0.104,0.0,0.107,0.517,0.272
701,0.107333333333,0.014,0.286083333333,0.117,0.475583333333
702,0.867666666667,0.0,0.002,0.063,0.0673333333333
703,0.0423333333333,0.0,0.013,0.001,0.943666666667
704,0.639,0.002,0.031,0.006,0.322
705,0.454916666667,0.001,0.018,0.242666666667,0.283416666667
706,0.882,0.0,0.001,0.024,0.093
707,0.530083333333,0.0283,0.0857,0.137916666667,0.218
708,0.15975,0.004,0.035,0.213,0.58825
709,0.655,0.0,0.007,0.188,0.15
710,0.568,0.002,0.0,0.316666666667,0.113333333333
711,0.644,0.0,0.011,0.23325,0.11175
712,0.747833333333,0.003,0.003,0.0035,0.242666666667
713,0.015,0.00601666666667,0.018,0.0,0.960983333333
714,0.317,0.0,0.032,0.2655,0.3855
715,0.32425,0.0,0.0176666666667,0.307583333333,0.3505
716,0.575266666667,0.002,0.007,0.2484,0.167333333333
717,0.95725,0.001,0.0,0.00473333333333,0.0370166666667
718,0.0,0.0,0.0,0.0,1.0
719,0.2085,0.0,0.0978333333333,0.4365,0.257166666667
720,0.692,0.001,0.001,0.205,0.101
721,0.581333333333,0.001,0.005,0.208,0.204666666667
722,0.766930952381,0.0,0.008,0.009,0.216069047619
723,0.992,0.0,0.0,0.0,0.008
724,0.309433333333,0.001,0.017,0.207,0.465566666667
725,0.926485930736,0.001,0.002,0.0354,0.0351140692641
726,0.35325,0.0,0.03,0.327666666667,0.289083333333
727,0.359,0.001,0.026,0.342,0.272
728,0.263,0.0,0.08,0.376,0.281
729,0.998,0.0,0.0,0.0,0.002
730,0.902185714286,0.002,0.00266666666667,0.016,0.0771476190476
731,0.0343333333333,0.121,0.032,0.001,0.811666666667
732,0.24535,0.0,0.0985,0.436233333333,0.219916666667
733,0.000666666666667,0.008,0.0209666666667,0.0,0.970366666667
734,0.531,0.0,0.035,0.215,0.219
735,0.0488333333333,0.002,0.149,0.510166666667,0.29
736,0.98925,0.0,0.0,0.0,0.01075
737,0.0795,0.003,0.247,0.4445,0.226
738,0.461666666667,0.0075,0.017,0.014,0.499833333333
739,0.003,0.0,0.00253333333333,0.0,0.994466666667
740,0.628505555556,0.001,0.033,0.0356277777778,0.301866666667
741,0.29,0.005,0.164,0.189,0.352
742,0.720816666667,0.0300166666667,0.02,0.047,0.182166666667
743,0.41975,0.002,0.032,0.0693333333333,0.476916666667
744,0.299249206349,0.165,0.072,0.031,0.432750793651
745,0.46775,0.006,0.03,0.385083333333,0.111166666667
746,0.032,0.001,0.027,0.053,0.887
747,0.677,0.007,0.013,0.074,0.229
748,0.655166666667,0.005,0.097,0.139,0.103833333333
749,0.372433333333,0.0,0.017,0.425833333333,0.184733333333
750,0.189,0.0,0.054,0.009,0.748
751,0.609,0.0,0.002,0.264,0.125
752,0.023,0.005,0.00765238095238,0.0,0.964347619048
753,0.143866666667,0.001,0.049,0.265933333333,0.5402
754,0.8135,0.0,0.0015,0.1135,0.0715
755,0.796,0.0,0.026,0.088,0.09
756,0.5412,0.0,0.023,0.29835,0.13745
757,0.062,0.001,0.062,0.558666666667,0.316333333333
758,0.136,0.002,0.078,0.605,0.179
759,0.293516666667,0.0,0.051,0.32225,0.333233333333
760,0.294366666667,0.0,0.005,0.0,0.700633333333
761,0.929,0.0,0.003,0.005,0.063
762,0.587,0.001,0.08,0.001,0.331
763,0.043,0.005,0.043,0.018,0.891
764,0.0225,0.001,0.025,0.009,0.9425
765,0.013,0.0016,0.0733642857143,0.002,0.910035714286
766,0.738958694084,0.0,0.257041305916,0.0,0.004
767,0.00408333333333,0.0,0.032,0.0,0.963916666667
768,0.467,0.001,0.0606666666667,0.28455,0.186783333333
769,0.026,0.0,0.051,0.004,0.919
770,0.008,0.0349928571429,0.119955952381,0.0,0.837051190476
771,0.782195238095,0.0,0.001,0.008,0.208804761905
772,0.0283333333333,0.008,0.0786666666667,0.004,0.881
773,0.574847619048,0.001,0.015,0.299,0.110152380952
774,0.470991666667,0.007,0.0603333333333,0.238133333333,0.223541666667
775,0.007,0.001,0.048,0.02,0.924
776,0.63315,0.0,0.073,0.20525,0.0886
777,0.132,0.02,0.105,0.502,0.241
778,0.354328571429,0.0,0.028,0.268766666667,0.348904761905
779,0.26675,0.0,0.004,0.608916666667,0.120333333333
780,0.494095238095,0.0,0.002,0.001,0.502904761905
781,0.355,0.0,0.06,0.497,0.088
782,0.269666666667,0.013,0.356,0.25,0.111333333333
783,0.459333333333,0.0,0.178583333333,0.139416666667,0.222666666667
784,0.533166666667,0.0,0.008,0.3775,0.0813333333333
785,0.019,0.0015,0.003,0.001,0.9755
786,0.632659126984,0.0,0.0,0.361840873016,0.0055
787,0.109,0.003,0.034,0.116,0.738
788,0.519,0.0,0.032,0.283,0.166
789,0.295633333333,0.0,0.007,0.598166666667,0.0992
790,0.6234,0.0,0.028,0.195,0.1536
791,0.529,0.0,0.0163333333333,0.032,0.422666666667
792,0.213333333333,0.002,0.015,0.235,0.534666666667
793,0.634,0.001,0.002,0.1,0.263
794,0.331,0.0,0.062,0.424,0.183
795,0.245354761905,0.0,0.132,0.455645238095,0.167
796,0.127,0.002,0.005,0.087,0.779
797,0.7615,0.0,0.04225,0.09,0.10625
798,0.6525,0.0,0.013,0.19,0.1445
799,0.223133333333,0.00483333333333,0.008,0.346,0.418033333333
800,0.469666666667,0.0,0.0,0.300333333333,0.23
801,0.84975,0.0,0.01,0.09025,0.05
802,0.249,0.0,0.061,0.547,0.143
803,0.746166666667,0.001,0.0643333333333,0.007,0.1815
804,0.376,0.001,0.019,0.424883333333,0.179116666667
805,0.615166666667,0.001,0.035,0.135,0.213833333333
806,0.163,0.0645,0.0595,0.002,0.711
807,0.72025,0.003,0.012,0.053,0.21175
808,0.372095238095,0.0,0.0,0.138,0.489904761905
809,0.125,0.121,0.033,0.309,0.412
810,0.017,0.001,0.015,0.0,0.967
811,0.2125,0.0,0.01,0.268833333333,0.508666666667
812,0.862,0.0,0.014,0.064,0.06
813,0.423616666667,0.004,0.0193333333333,0.39755,0.1555
814,0.34685,0.0,0.027,0.201,0.42515
815,0.317,0.0,0.01,0.566,0.107
816,0.46,0.0,0.025,0.054,0.461
817,0.854,0.0,0.0,0.064,0.082
818,0.267,0.0,0.004,0.559,0.17
819,0.63,0.003,0.018,0.03,0.319
820,0.336852380952,0.002,0.014,0.124,0.523147619048
821,0.046,0.002,0.025,0.008,0.919
822,0.344966666667,0.158,0.046,0.042,0.409033333333
823,0.100666666667,0.0249166666667,0.0648333333333,0.0,0.809583333333
824,0.417333333333,0.0,0.033,0.392166666667,0.1575
825,0.6137,0.0,0.022,0.284333333333,0.0799666666667
826,0.561,0.001,0.043,0.021,0.374
827,0.199,0.016,0.087505952381,0.002,0.695494047619
828,0.372983333333,0.0,0.145,0.249,0.233016666667
829,0.337583333333,0.0,0.042,0.127,0.493416666667
830,0.089,0.003,0.045,0.035,0.828
831,0.9675,0.0,0.0045,0.002,0.026
832,0.477292857143,0.0,0.009,0.209666666667,0.30404047619
833,0.183533333333,0.011,0.023,0.00596666666667,0.7765
834,0.698,0.0,0.029,0.071,0.202
835,0.071,0.004,0.015,0.862,0.048
836,0.167,0.0,0.014,0.532,0.287
837,0.256514285714,0.001,0.183,0.339571428571,0.219914285714
838,0.082,0.002,0.548,0.068,0.3
839,0.131,0.012,0.136,0.002,0.719
840,0.3995,0.001,0.003,0.513,0.0835
841,0.762133333333,0.0,0.005,0.042,0.190866666667
842,0.875945238095,0.0,0.001,0.011,0.112054761905
843,0.417,0.012,0.109,0.158,0.304
844,0.467,0.027,0.002,0.35465,0.14935
845,0.919666666667,0.0,0.0336666666667,0.014,0.0326666666667
846,0.3101,0.001,0.048,0.466166666667,0.174733333333
847,0.405265440115,0.0,0.0,0.0,0.594734559885
848,0.0076,0.00175,0.12465,0.00483333333333,0.861166666667
849,0.435,0.0,0.034,0.183,0.348
850,0.7455,0.0,0.015,0.131,0.1085
851,0.4835,0.002,0.0130833333333,0.416633333333,0.0847833333333
852,0.486747619048,0.0,0.194,0.247002380952,0.07225
853,0.073,0.021,0.048,0.044,0.814
854,0.307988095238,0.0,0.0655,0.394620238095,0.231891666667
855,0.720666666667,0.007,0.002,0.044,0.226333333333
856,0.001,0.001,0.00225,0.0,0.99575
857,0.54425,0.0,0.005,0.359083333333,0.0916666666667
858,0.1185,0.0,0.108,0.2315,0.542
859,0.874333333333,0.004,0.036,0.006,0.0796666666667
860,0.46,0.0,0.026,0.4135,0.1005
861,0.134,0.0,0.041,0.0,0.825
862,0.285,0.0,0.062,0.481,0.172
863,0.401266666667,0.003,0.011,0.077,0.507733333333
864,0.031,0.049,0.01,0.0121126984127,0.897887301587
865,0.0055,0.01345,0.0015,0.000142857142857,0.979407142857
866,0.406,0.0,0.039,0.343,0.212
867,0.0,0.0,0.0,0.0,1.0
868,0.41505,0.001,0.006,0.5026,0.07535
869,0.05,0.016,0.329,0.009,0.596
870,0.6685,0.0,0.0175,0.1835,0.1305
871,0.58925,0.0,0.015,0.16275,0.233
872,0.229,0.0,0.043,0.241,0.487
873,0.259,0.001,0.009,0.636666666667,0.0943333333333
874,0.439019047619,0.0122444444444,0.0145,0.0,0.534236507937
875,0.479666666667,0.0,0.011,0.4325,0.0768333333333
876,0.321,0.001,0.08,0.425,0.173
877,0.855730952381,0.014,0.002,0.026,0.102269047619
878,0.389483333333,0.002,0.031,0.239945238095,0.337571428571
879,0.306714285714,0.0,0.038,0.470285714286,0.185
880,0.168,0.001,0.058,0.557,0.216
881,0.605028571429,0.001,0.00966666666667,0.0164523809524,0.367852380952
882,0.813916666667,0.0,0.00133333333333,0.00303333333333,0.181716666667
883,0.16,0.0,0.035,0.745,0.06
884,0.47,0.0,0.032,0.321,0.177
885,0.995,0.0005,0.0,0.001,0.0035
886,0.392,0.0,0.0265,0.4105,0.171
887,0.2745,0.002,0.007,0.1865,0.53
888,0.602927777778,0.001,0.0325,0.015,0.348572222222
889,0.950625,0.0,0.001,0.0025,0.045875
890,0.006,0.0,0.0351642857143,0.0,0.958835714286
891,0.083,0.003,0.08125,0.385,0.44775
892,0.172,0.0,0.03,0.142,0.656
